A = 1 : 9, B = 10 - A