p=[3  -10  0  15  1000]