A = [10 5 79 4 2;1 0 66 8 2;4 6 1 1 1];
B = [9 5 3 4 2;1 0 4 -23 2;4 6 -1 1 0];
x = 20;
C = [2 1];
ApB= A+B
AmB= A-B
ApBpX= A+B+x
AmX= A-x
AmC= A-C
