A = [0 3 3;1 1 0;-1 2 3];
E = eye(3);
R=2*A+3*E
