A = [2 1 4 0;1 -1 3 4];
B = [1 3 1;0 -1 2;1 -3 1;4 0 -2];
R1= A*B
R2= B*A
