A = [1 2;1 3];
B = [1 0;1 2];
R1=A\B
R2=A/B
