A = [2 3 8;3 1 -1;5 0 4];
A2= A^2
A5= A^5
